Sample size: 1
Mean: 0.103317ms
Min: 0.103317ms
Max: 0.103317ms
