Sample size: 1
Mean: 5.78368ms
Min: 5.78368ms
Max: 5.78368ms
