Sample size: 1
Mean: 9.53593ms
Min: 9.53593ms
Max: 9.53593ms
