Sample size: 1
Mean: 3.02082ms
Min: 3.02082ms
Max: 3.02082ms
