Sample size: 1
Mean: 0.370161ms
Min: 0.370161ms
Max: 0.370161ms
