Sample size: 1
Mean: 0.248371ms
Min: 0.248371ms
Max: 0.248371ms
